100
0.00;77.87;0.00;0.00;0.00;0.00;0.00;0.00;66.96;0.00;0.00;0.00;65.32;10.74;0.00;11.28;15.18;79.02;98.41;0.00;95.55;47.25;46.88;29.29;56.43;54.60;0.00;88.60;26.18;0.00;38.29;0.00;104.71;0.00;0.00;0.00;20.19;0.00;0.00;52.40;0.00;0.00;98.20;22.87;38.97;0.00;97.14;0.00;64.49;105.70;13.18;27.55;44.54;40.87;0.00;35.09;82.03;33.52;0.00;0.00;0.00;41.54;0.00;0.00;0.00;0.00;25.50;42.18;61.64;77.67;14.66;66.12;0.00;79.37;0.00;77.78;108.54;0.00;26.94;92.56;79.13;0.00;0.00;100.07;67.29;0.00;0.00;0.00;0.00;57.90;74.67;32.89;19.59;0.00;63.38;0.00;68.19;68.32;0.00;26.07
77.87;0.00;87.72;0.00;0.00;12.79;59.62;0.00;0.00;0.00;86.57;0.00;0.00;0.00;44.09;0.00;0.00;0.00;0.00;0.00;105.88;55.95;37.23;0.00;62.85;30.70;44.35;0.00;0.00;0.00;0.00;0.00;0.00;0.00;0.00;0.00;0.00;0.00;50.41;73.41;36.38;0.00;89.95;60.07;17.78;32.38;50.89;0.00;47.49;0.00;46.34;33.83;105.54;0.00;63.32;0.00;28.72;0.00;21.48;93.94;0.00;75.62;86.33;0.00;0.00;36.55;97.00;70.05;92.56;0.00;0.00;36.48;45.36;93.94;54.46;102.08;17.14;11.63;58.48;16.67;79.79;0.00;100.31;85.99;0.00;0.00;72.81;89.10;26.37;0.00;0.00;0.00;0.00;58.34;0.00;61.34;0.00;0.00;47.32;63.75
0.00;87.72;0.00;92.74;0.00;76.99;104.51;0.00;0.00;0.00;16.17;25.68;83.98;0.00;56.79;82.31;0.00;0.00;65.90;100.37;46.37;96.90;0.00;0.00;0.00;85.57;15.75;0.00;0.00;58.07;29.50;97.37;0.00;73.37;0.00;0.00;70.41;0.00;47.47;0.00;0.00;0.00;36.17;0.00;0.00;19.76;60.54;0.00;0.00;0.00;77.24;0.00;103.31;0.00;0.00;32.66;0.00;0.00;22.56;92.32;34.40;0.00;0.00;0.00;93.94;0.00;0.00;73.38;0.00;106.94;0.00;0.00;69.57;0.00;0.00;0.00;0.00;32.92;52.72;61.07;91.08;0.00;62.12;0.00;107.33;32.12;66.31;0.00;0.00;0.00;0.00;0.00;102.59;72.03;0.00;0.00;0.00;0.00;0.00;0.00
0.00;0.00;92.74;0.00;13.11;85.53;0.00;71.02;60.15;0.00;0.00;83.62;0.00;0.00;38.27;108.44;21.84;55.52;105.30;0.00;94.61;0.00;0.00;48.00;78.95;104.80;21.25;0.00;0.00;70.09;47.90;105.28;0.00;63.94;92.53;0.00;89.58;0.00;75.85;105.93;88.56;33.98;86.56;70.30;94.06;0.00;45.54;0.00;0.00;0.00;18.88;0.00;0.00;0.00;96.11;0.00;40.76;0.00;42.09;0.00;66.77;59.17;0.00;34.30;0.00;59.56;68.34;0.00;50.48;108.05;91.25;56.30;20.07;30.89;0.00;32.26;73.76;0.00;36.99;46.28;24.58;98.83;0.00;0.00;93.35;64.82;40.18;96.39;71.05;51.64;0.00;86.73;61.39;0.00;44.80;30.27;0.00;0.00;0.00;55.36
0.00;0.00;0.00;13.11;0.00;77.24;0.00;0.00;14.12;97.00;0.00;61.22;11.52;93.36;55.04;0.00;42.55;0.00;0.00;0.00;0.00;0.00;105.58;31.16;0.00;72.32;43.37;107.55;0.00;94.16;30.26;0.00;38.95;0.00;0.00;0.00;46.65;50.94;0.00;39.76;0.00;0.00;0.00;0.00;0.00;0.00;0.00;44.13;0.00;0.00;91.68;0.00;0.00;0.00;16.90;0.00;0.00;15.85;92.05;0.00;0.00;0.00;99.72;0.00;57.78;0.00;0.00;0.00;0.00;0.00;58.42;0.00;0.00;0.00;0.00;0.00;0.00;45.74;13.18;95.51;85.64;0.00;0.00;26.85;0.00;35.44;36.40;88.53;91.22;0.00;65.86;0.00;104.76;0.00;94.60;63.26;0.00;30.97;0.00;29.62
0.00;12.79;76.99;85.53;77.24;0.00;11.01;0.00;98.09;0.00;0.00;0.00;18.23;79.92;0.00;0.00;45.52;0.00;77.46;60.19;24.21;0.00;75.02;39.76;23.83;60.32;71.75;0.00;0.00;54.85;62.92;0.00;0.00;86.80;33.40;101.02;0.00;0.00;85.76;0.00;0.00;104.02;60.59;0.00;11.74;0.00;88.63;0.00;0.00;53.38;64.14;37.55;0.00;34.54;0.00;102.15;90.41;0.00;0.00;46.32;0.00;18.47;71.08;0.00;54.04;11.81;0.00;0.00;0.00;0.00;69.67;0.00;0.00;32.70;92.39;38.60;88.64;93.07;16.19;37.02;0.00;75.54;0.00;75.65;16.86;0.00;72.39;22.01;0.00;0.00;0.00;54.35;0.00;76.77;0.00;0.00;0.00;0.00;0.00;97.97
0.00;59.62;104.51;0.00;0.00;11.01;0.00;21.25;27.17;0.00;92.79;30.01;88.28;0.00;79.09;0.00;0.00;0.00;0.00;109.87;107.27;53.36;99.41;0.00;0.00;49.71;0.00;57.39;35.58;13.13;0.00;0.00;108.57;0.00;0.00;0.00;0.00;0.00;0.00;0.00;66.88;0.00;69.89;0.00;30.38;70.48;0.00;0.00;59.14;0.00;39.77;0.00;0.00;107.84;90.37;109.39;83.94;102.60;0.00;12.48;0.00;0.00;0.00;0.00;0.00;0.00;0.00;0.00;68.17;54.16;67.38;18.23;0.00;59.50;49.18;26.89;0.00;0.00;40.70;99.68;68.51;0.00;0.00;0.00;0.00;0.00;93.08;44.42;0.00;0.00;61.40;0.00;0.00;93.18;0.00;81.80;0.00;10.90;30.94;0.00
0.00;0.00;0.00;71.02;0.00;0.00;21.25;0.00;32.73;0.00;11.22;66.38;0.00;94.30;0.00;11.88;0.00;0.00;0.00;0.00;14.55;56.70;70.67;18.96;76.11;49.76;0.00;0.00;50.34;62.66;0.00;0.00;46.63;0.00;0.00;0.00;54.84;0.00;89.72;29.07;55.26;0.00;0.00;91.59;0.00;74.94;11.26;0.00;101.44;0.00;0.00;0.00;85.87;41.54;0.00;61.27;55.46;0.00;72.25;54.88;0.00;0.00;0.00;0.00;0.00;0.00;107.22;45.53;0.00;48.79;0.00;0.00;93.33;28.87;11.49;0.00;0.00;0.00;0.00;0.00;0.00;38.74;12.20;0.00;0.00;36.82;80.19;29.86;0.00;94.16;27.91;100.18;0.00;12.35;0.00;101.04;92.76;0.00;44.20;66.48
66.96;0.00;0.00;60.15;14.12;98.09;27.17;32.73;0.00;54.24;39.10;79.08;89.11;49.52;0.00;0.00;0.00;0.00;37.02;35.65;47.01;0.00;25.40;0.00;83.17;20.00;0.00;34.79;0.00;0.00;0.00;64.00;0.00;71.41;15.52;0.00;37.35;0.00;0.00;0.00;107.98;33.89;0.00;106.68;0.00;0.00;21.74;0.00;0.00;0.00;74.47;97.68;0.00;0.00;38.51;40.88;0.00;0.00;0.00;11.28;0.00;0.00;0.00;33.98;34.34;0.00;0.00;0.00;86.13;36.74;0.00;0.00;35.99;0.00;79.94;87.69;0.00;100.81;0.00;95.90;0.00;16.81;0.00;0.00;0.00;73.50;53.03;63.49;42.55;53.42;14.71;0.00;0.00;0.00;0.00;20.76;0.00;0.00;0.00;109.49
0.00;0.00;0.00;0.00;97.00;0.00;0.00;0.00;54.24;0.00;73.72;0.00;0.00;0.00;61.63;90.73;0.00;0.00;0.00;0.00;42.14;0.00;18.48;64.69;0.00;0.00;0.00;0.00;38.72;81.23;90.40;0.00;79.83;95.44;73.34;0.00;0.00;0.00;54.26;89.05;0.00;12.36;0.00;22.50;56.03;0.00;50.27;0.00;77.87;0.00;0.00;0.00;0.00;93.24;57.52;0.00;89.47;62.04;0.00;0.00;109.09;0.00;0.00;22.55;101.11;0.00;63.80;10.41;0.00;21.69;29.65;0.00;47.62;0.00;44.27;13.29;100.33;78.13;0.00;0.00;15.52;0.00;36.78;0.00;87.17;28.60;75.74;0.00;56.32;0.00;0.00;0.00;107.81;0.00;0.00;19.23;0.00;27.05;0.00;95.00
0.00;86.57;16.17;0.00;0.00;0.00;92.79;11.22;39.10;73.72;0.00;33.84;98.15;50.23;104.43;86.50;0.00;0.00;19.83;0.00;50.07;52.75;40.11;0.00;92.72;91.43;0.00;0.00;13.67;0.00;80.23;78.72;33.28;89.43;32.46;0.00;0.00;0.00;23.42;0.00;0.00;0.00;105.06;0.00;94.01;0.00;59.66;58.79;0.00;0.00;0.00;0.00;104.20;89.58;71.55;90.65;0.00;0.00;0.00;0.00;39.30;0.00;81.87;0.00;0.00;53.89;0.00;90.77;12.50;103.19;0.00;0.00;0.00;54.51;103.71;0.00;92.69;0.00;0.00;108.58;0.00;0.00;80.41;0.00;96.13;42.53;0.00;35.52;23.93;23.80;0.00;83.48;0.00;88.95;0.00;76.37;107.82;70.67;106.01;25.42
0.00;0.00;25.68;83.62;61.22;0.00;30.01;66.38;79.08;0.00;33.84;0.00;74.43;0.00;67.95;0.00;0.00;0.00;0.00;87.06;59.84;42.21;36.71;0.00;0.00;0.00;44.52;0.00;70.79;74.10;54.96;0.00;0.00;0.00;23.83;92.11;0.00;22.19;0.00;0.00;94.93;0.00;85.85;86.09;0.00;0.00;0.00;0.00;0.00;0.00;0.00;0.00;19.51;0.00;0.00;0.00;83.55;102.09;38.56;83.15;103.40;0.00;0.00;40.23;0.00;41.90;0.00;0.00;24.92;0.00;0.00;0.00;45.40;0.00;30.06;23.89;0.00;102.71;0.00;0.00;96.15;97.91;0.00;0.00;0.00;0.00;77.99;0.00;53.96;13.88;25.92;34.74;0.00;0.00;0.00;87.96;0.00;0.00;0.00;0.00
65.32;0.00;83.98;0.00;11.52;18.23;88.28;0.00;89.11;0.00;98.15;74.43;0.00;50.97;69.72;0.00;0.00;0.00;28.88;105.84;0.00;0.00;0.00;0.00;53.06;29.24;53.19;58.16;20.60;0.00;0.00;0.00;0.00;0.00;0.00;26.98;107.74;73.15;58.17;63.68;0.00;47.14;0.00;50.87;106.64;0.00;12.14;0.00;0.00;0.00;0.00;0.00;54.87;41.24;0.00;0.00;84.91;45.31;83.84;60.97;55.30;0.00;0.00;0.00;0.00;39.41;44.41;74.33;95.57;62.34;0.00;77.15;61.37;0.00;63.72;26.45;0.00;92.16;0.00;40.02;108.56;97.37;0.00;0.00;0.00;41.29;61.67;101.18;88.41;0.00;0.00;90.54;72.84;0.00;23.92;27.76;36.18;35.49;58.32;0.00
10.74;0.00;0.00;0.00;93.36;79.92;0.00;94.30;49.52;0.00;50.23;0.00;50.97;0.00;89.64;0.00;0.00;103.43;79.44;82.92;0.00;71.71;18.89;0.00;0.00;0.00;29.04;0.00;0.00;67.27;0.00;0.00;0.00;71.43;0.00;25.76;0.00;0.00;0.00;0.00;0.00;0.00;53.22;90.60;0.00;0.00;83.27;0.00;10.03;59.30;40.00;0.00;57.14;57.32;42.28;27.91;0.00;0.00;0.00;0.00;59.97;0.00;0.00;49.11;75.77;0.00;82.65;37.85;96.61;0.00;76.13;106.41;11.89;0.00;58.12;62.63;75.81;57.14;67.71;0.00;0.00;0.00;18.11;0.00;61.27;79.77;0.00;101.49;0.00;26.77;0.00;0.00;53.03;99.96;0.00;56.81;107.86;0.00;0.00;0.00
0.00;44.09;56.79;38.27;55.04;0.00;79.09;0.00;0.00;61.63;104.43;67.95;69.72;89.64;0.00;58.64;0.00;47.16;102.03;0.00;0.00;0.00;0.00;0.00;22.88;0.00;93.76;72.31;0.00;21.82;57.27;92.42;57.70;53.09;0.00;96.23;0.00;32.43;0.00;0.00;96.59;106.99;0.00;0.00;78.73;0.00;0.00;17.00;87.85;0.00;0.00;47.88;0.00;11.50;0.00;39.38;0.00;0.00;38.17;0.00;0.00;0.00;0.00;51.00;0.00;0.00;38.83;0.00;30.22;29.80;37.94;0.00;48.25;29.81;0.00;0.00;0.00;0.00;0.00;0.00;83.53;0.00;0.00;87.30;0.00;0.00;38.27;0.00;0.00;33.44;10.86;38.73;46.79;53.15;54.34;17.71;40.62;33.67;0.00;15.05
11.28;0.00;82.31;108.44;0.00;0.00;0.00;11.88;0.00;90.73;86.50;0.00;0.00;0.00;58.64;0.00;44.27;99.45;27.16;0.00;60.86;103.49;105.90;0.00;0.00;53.34;0.00;84.71;80.40;73.32;0.00;0.00;59.62;44.86;25.95;83.43;57.93;0.00;99.57;107.80;90.69;0.00;90.80;66.09;0.00;0.00;0.00;0.00;0.00;0.00;0.00;50.10;14.87;0.00;104.22;71.77;91.32;0.00;0.00;27.94;33.94;35.87;91.58;0.00;57.37;0.00;0.00;0.00;0.00;0.00;81.21;0.00;0.00;0.00;0.00;95.28;0.00;65.55;45.09;67.77;85.29;13.48;33.49;27.74;0.00;92.52;19.06;0.00;55.64;94.82;12.47;0.00;0.00;66.50;16.36;10.10;0.00;0.00;49.17;94.60
15.18;0.00;0.00;21.84;42.55;45.52;0.00;0.00;0.00;0.00;0.00;0.00;0.00;0.00;0.00;44.27;0.00;65.20;81.07;76.02;0.00;0.00;0.00;0.00;0.00;0.00;0.00;61.92;32.20;54.45;0.00;0.00;12.51;0.00;0.00;0.00;41.96;107.24;0.00;77.67;101.17;83.55;46.93;39.47;0.00;0.00;0.00;103.76;0.00;0.00;0.00;23.11;0.00;0.00;18.31;0.00;0.00;25.02;63.33;0.00;98.98;38.81;80.32;0.00;49.94;29.52;0.00;0.00;84.15;0.00;0.00;31.85;0.00;0.00;0.00;79.62;34.04;22.32;0.00;0.00;0.00;0.00;0.00;70.91;71.79;77.02;33.30;79.60;78.11;35.04;87.97;0.00;0.00;14.71;76.31;86.48;0.00;0.00;25.10;0.00
79.02;0.00;0.00;55.52;0.00;0.00;0.00;0.00;0.00;0.00;0.00;0.00;0.00;103.43;47.16;99.45;65.20;0.00;28.85;49.00;54.70;38.57;0.00;59.43;0.00;0.00;0.00;55.48;47.80;0.00;0.00;54.25;80.35;97.34;96.23;87.62;0.00;18.59;51.93;0.00;0.00;0.00;0.00;0.00;84.81;0.00;0.00;12.17;0.00;0.00;80.42;0.00;0.00;0.00;0.00;88.39;55.33;0.00;43.39;93.58;0.00;29.46;74.97;0.00;0.00;0.00;0.00;95.08;0.00;0.00;0.00;35.00;0.00;68.08;73.38;36.79;0.00;0.00;100.46;0.00;85.35;95.21;64.25;97.38;0.00;0.00;0.00;0.00;105.19;0.00;0.00;97.59;85.16;10.25;0.00;0.00;22.62;0.00;0.00;98.04
98.41;0.00;65.90;105.30;0.00;77.46;0.00;0.00;37.02;0.00;19.83;0.00;28.88;79.44;102.03;27.16;81.07;28.85;0.00;89.54;0.00;38.64;100.13;0.00;0.00;16.48;19.31;0.00;0.00;0.00;63.89;46.30;89.16;0.00;0.00;19.41;67.86;0.00;0.00;16.36;0.00;59.81;0.00;0.00;0.00;82.22;83.23;0.00;0.00;76.21;56.56;57.64;12.15;0.00;0.00;0.00;0.00;36.31;0.00;11.22;0.00;21.94;19.22;0.00;31.77;0.00;0.00;0.00;16.27;0.00;31.01;0.00;0.00;82.49;0.00;0.00;0.00;29.31;45.72;0.00;0.00;0.00;90.12;0.00;0.00;52.40;48.22;49.43;23.32;38.85;22.04;10.15;0.00;39.37;97.41;0.00;0.00;108.06;0.00;0.00
0.00;0.00;100.37;0.00;0.00;60.19;109.87;0.00;35.65;0.00;0.00;87.06;105.84;82.92;0.00;0.00;76.02;49.00;89.54;0.00;13.32;89.89;14.57;56.87;0.00;93.17;31.34;0.00;0.00;106.00;0.00;0.00;0.00;0.00;27.31;107.35;72.00;0.00;72.38;0.00;34.74;0.00;0.00;0.00;53.33;0.00;95.30;0.00;96.07;0.00;102.65;0.00;0.00;21.36;62.23;57.76;31.73;0.00;14.82;0.00;12.58;0.00;56.39;0.00;0.00;83.12;11.89;0.00;0.00;58.65;0.00;0.00;96.11;44.11;0.00;0.00;0.00;0.00;0.00;0.00;0.00;32.65;22.15;102.82;24.92;63.15;15.84;0.00;0.00;77.33;29.13;0.00;0.00;28.72;0.00;73.39;0.00;30.88;102.52;27.25
95.55;105.88;46.37;94.61;0.00;24.21;107.27;14.55;47.01;42.14;50.07;59.84;0.00;0.00;0.00;60.86;0.00;54.70;0.00;13.32;0.00;13.94;0.00;33.70;0.00;26.86;0.00;0.00;77.10;96.18;60.30;98.36;96.60;0.00;0.00;0.00;0.00;93.64;44.22;55.68;0.00;43.06;12.35;0.00;57.15;0.00;71.84;67.97;80.72;96.70;0.00;84.78;0.00;18.14;27.58;0.00;24.96;41.80;0.00;0.00;106.55;0.00;46.13;0.00;0.00;99.08;34.31;0.00;0.00;0.00;0.00;48.59;0.00;0.00;39.31;74.29;83.77;0.00;54.94;0.00;36.78;0.00;0.00;57.10;79.16;90.60;0.00;0.00;0.00;89.70;0.00;20.88;0.00;0.00;14.37;0.00;53.88;70.07;32.57;0.00
47.25;55.95;96.90;0.00;0.00;0.00;53.36;56.70;0.00;0.00;52.75;42.21;0.00;71.71;0.00;103.49;0.00;38.57;38.64;89.89;13.94;0.00;109.01;13.89;0.00;0.00;0.00;63.92;37.76;0.00;44.10;95.45;20.13;0.00;0.00;99.81;0.00;0.00;0.00;58.26;0.00;0.00;0.00;47.38;0.00;0.00;0.00;74.58;55.82;0.00;0.00;95.75;28.88;54.85;36.98;0.00;0.00;0.00;0.00;30.81;0.00;67.31;0.00;28.62;86.72;86.94;50.90;0.00;0.00;95.57;0.00;56.46;95.97;0.00;69.41;89.50;61.38;0.00;40.66;0.00;0.00;55.79;0.00;0.00;0.00;0.00;17.25;0.00;99.67;0.00;109.55;35.25;0.00;109.89;0.00;0.00;0.00;107.85;21.42;0.00
46.88;37.23;0.00;0.00;105.58;75.02;99.41;70.67;25.40;18.48;40.11;36.71;0.00;18.89;0.00;105.90;0.00;0.00;100.13;14.57;0.00;109.01;0.00;87.76;0.00;0.00;0.00;42.38;0.00;0.00;81.76;0.00;0.00;0.00;0.00;64.27;59.83;26.23;54.06;32.69;0.00;97.42;56.62;0.00;68.08;0.00;0.00;103.78;0.00;15.24;0.00;0.00;28.07;0.00;0.00;0.00;64.26;70.98;0.00;92.56;0.00;67.67;74.80;71.90;0.00;49.41;0.00;57.75;0.00;0.00;61.40;78.88;16.66;0.00;84.86;0.00;39.34;0.00;0.00;0.00;50.12;0.00;49.79;21.30;0.00;0.00;25.55;0.00;0.00;0.00;0.00;78.84;0.00;80.24;34.10;0.00;0.00;80.71;28.41;92.87
29.29;0.00;0.00;48.00;31.16;39.76;0.00;18.96;0.00;64.69;0.00;0.00;0.00;0.00;0.00;0.00;0.00;59.43;0.00;56.87;33.70;13.89;87.76;0.00;94.06;0.00;0.00;0.00;0.00;0.00;0.00;30.95;0.00;64.60;77.01;0.00;0.00;50.95;0.00;0.00;0.00;98.70;48.02;14.54;26.38;28.85;38.20;46.78;0.00;0.00;0.00;0.00;0.00;16.13;0.00;0.00;0.00;26.70;39.87;0.00;0.00;90.55;0.00;27.10;27.97;58.07;58.31;81.43;56.55;0.00;103.16;52.82;92.32;0.00;78.91;0.00;15.32;0.00;0.00;49.82;0.00;0.00;89.77;0.00;0.00;90.73;67.85;105.83;81.40;19.25;24.59;0.00;0.00;0.00;54.22;61.87;102.35;0.00;0.00;0.00
56.43;62.85;0.00;78.95;0.00;23.83;0.00;76.11;83.17;0.00;92.72;0.00;53.06;0.00;22.88;0.00;0.00;0.00;0.00;0.00;0.00;0.00;0.00;94.06;0.00;13.57;77.77;22.06;0.00;0.00;0.00;0.00;59.61;0.00;0.00;0.00;59.32;48.41;50.52;42.40;0.00;0.00;52.78;23.86;0.00;0.00;90.26;37.33;61.93;98.98;0.00;0.00;0.00;0.00;0.00;0.00;0.00;17.58;0.00;0.00;0.00;0.00;0.00;0.00;13.58;0.00;0.00;0.00;0.00;79.79;40.80;0.00;40.75;0.00;0.00;0.00;0.00;0.00;0.00;40.69;12.03;0.00;0.00;84.95;53.91;13.70;62.67;0.00;10.04;73.61;0.00;0.00;34.24;0.00;61.67;0.00;89.10;40.07;0.00;0.00
54.60;30.70;85.57;104.80;72.32;60.32;49.71;49.76;20.00;0.00;91.43;0.00;29.24;0.00;0.00;53.34;0.00;0.00;16.48;93.17;26.86;0.00;0.00;0.00;13.57;0.00;73.89;0.00;96.99;0.00;0.00;0.00;108.01;0.00;10.04;0.00;0.00;0.00;92.18;109.19;0.00;0.00;95.45;76.97;27.07;49.23;109.12;49.14;11.91;0.00;0.00;94.15;0.00;100.21;17.92;103.08;0.00;0.00;67.63;0.00;83.73;20.63;29.50;70.16;84.23;88.43;0.00;69.61;0.00;105.64;83.69;79.20;31.37;52.82;12.78;0.00;23.94;0.00;91.14;0.00;0.00;0.00;0.00;12.56;0.00;44.37;0.00;76.05;47.60;75.69;50.82;98.05;38.12;0.00;10.25;0.00;0.00;33.47;0.00;0.00
0.00;44.35;15.75;21.25;43.37;71.75;0.00;0.00;0.00;0.00;0.00;44.52;53.19;29.04;93.76;0.00;0.00;0.00;19.31;31.34;0.00;0.00;0.00;0.00;77.77;73.89;0.00;67.69;100.40;0.00;0.00;102.99;72.40;70.22;0.00;0.00;0.00;24.43;75.70;12.46;0.00;70.06;0.00;17.79;0.00;10.03;16.76;14.66;0.00;85.17;49.29;0.00;0.00;0.00;0.00;69.06;0.00;0.00;44.35;64.29;0.00;0.00;79.05;45.20;38.28;0.00;0.00;0.00;0.00;0.00;99.39;58.22;32.55;35.49;0.00;36.09;75.78;0.00;0.00;93.47;52.85;41.36;0.00;0.00;0.00;70.80;12.52;60.41;60.88;0.00;0.00;0.00;74.27;25.18;88.73;0.00;42.69;101.12;0.00;0.00
88.60;0.00;0.00;0.00;107.55;0.00;57.39;0.00;34.79;0.00;0.00;0.00;58.16;0.00;72.31;84.71;61.92;55.48;0.00;0.00;0.00;63.92;42.38;0.00;22.06;0.00;67.69;0.00;18.00;0.00;82.19;0.00;0.00;34.47;13.33;0.00;0.00;0.00;32.76;0.00;0.00;0.00;0.00;90.29;0.00;0.00;0.00;45.72;86.67;0.00;0.00;19.66;0.00;31.53;0.00;0.00;0.00;0.00;0.00;27.75;101.97;24.40;0.00;31.89;0.00;0.00;31.59;0.00;59.02;0.00;0.00;0.00;0.00;0.00;0.00;0.00;34.58;0.00;0.00;38.43;80.91;50.28;0.00;57.46;0.00;41.31;0.00;90.84;0.00;51.46;66.66;0.00;20.31;56.14;0.00;0.00;37.11;94.77;0.00;16.11
26.18;0.00;0.00;0.00;0.00;0.00;35.58;50.34;0.00;38.72;13.67;70.79;20.60;0.00;0.00;80.40;32.20;47.80;0.00;0.00;77.10;37.76;0.00;0.00;0.00;96.99;100.40;18.00;0.00;93.67;37.30;0.00;82.86;0.00;0.00;74.00;93.00;0.00;77.82;0.00;103.95;0.00;0.00;30.73;104.11;49.59;0.00;0.00;36.31;48.59;0.00;0.00;62.52;0.00;42.20;0.00;0.00;93.28;33.04;0.00;78.78;106.07;59.99;0.00;0.00;83.86;70.90;24.15;22.34;15.61;0.00;72.40;0.00;0.00;0.00;0.00;71.78;49.53;57.22;49.72;0.00;0.00;36.40;46.11;0.00;76.27;63.40;0.00;50.82;0.00;0.00;47.81;0.00;0.00;20.76;0.00;30.40;0.00;0.00;0.00
0.00;0.00;58.07;70.09;94.16;54.85;13.13;62.66;0.00;81.23;0.00;74.10;0.00;67.27;21.82;73.32;54.45;0.00;0.00;106.00;96.18;0.00;0.00;0.00;0.00;0.00;0.00;0.00;93.67;0.00;32.75;43.60;102.88;0.00;0.00;72.24;0.00;0.00;0.00;0.00;83.64;42.90;0.00;0.00;0.00;0.00;50.61;0.00;57.40;40.17;0.00;44.94;0.00;55.71;43.03;29.56;49.58;0.00;80.28;52.17;62.30;0.00;0.00;15.27;15.10;0.00;108.89;32.20;0.00;0.00;36.98;46.84;0.00;0.00;0.00;79.35;0.00;0.00;71.99;107.51;41.98;0.00;62.01;90.33;0.00;23.39;0.00;35.97;0.00;0.00;106.40;75.61;0.00;38.28;0.00;76.31;0.00;58.94;0.00;0.00
38.29;0.00;29.50;47.90;30.26;62.92;0.00;0.00;0.00;90.40;80.23;54.96;0.00;0.00;57.27;0.00;0.00;0.00;63.89;0.00;60.30;44.10;81.76;0.00;0.00;0.00;0.00;82.19;37.30;32.75;0.00;43.26;10.15;15.19;72.84;0.00;42.70;98.47;94.59;0.00;0.00;0.00;0.00;0.00;76.02;34.02;0.00;0.00;0.00;22.34;93.34;0.00;25.71;22.29;81.35;0.00;0.00;0.00;14.69;0.00;27.92;0.00;106.58;0.00;72.15;11.93;0.00;108.11;0.00;21.81;77.88;79.62;92.70;0.00;60.27;0.00;38.94;0.00;0.00;0.00;0.00;88.57;18.17;0.00;29.11;0.00;0.00;0.00;61.81;44.35;0.00;0.00;0.00;0.00;77.75;44.36;92.98;0.00;0.00;17.88
0.00;0.00;97.37;105.28;0.00;0.00;0.00;0.00;64.00;0.00;78.72;0.00;0.00;0.00;92.42;0.00;0.00;54.25;46.30;0.00;98.36;95.45;0.00;30.95;0.00;0.00;102.99;0.00;0.00;43.60;43.26;0.00;52.17;36.30;56.68;55.11;0.00;0.00;0.00;64.65;0.00;0.00;0.00;0.00;0.00;0.00;0.00;35.42;0.00;30.16;0.00;0.00;0.00;0.00;77.12;0.00;0.00;10.03;0.00;0.00;10.17;0.00;0.00;0.00;49.92;46.86;0.00;0.00;100.48;0.00;14.30;0.00;0.00;32.50;0.00;0.00;25.88;0.00;0.00;84.85;0.00;0.00;0.00;0.00;0.00;0.00;0.00;0.00;24.25;22.48;80.88;64.12;0.00;0.00;23.92;0.00;45.73;57.27;32.57;41.72
104.71;0.00;0.00;0.00;38.95;0.00;108.57;46.63;0.00;79.83;33.28;0.00;0.00;0.00;57.70;59.62;12.51;80.35;89.16;0.00;96.60;20.13;0.00;0.00;59.61;108.01;72.40;0.00;82.86;102.88;10.15;52.17;0.00;30.15;75.92;0.00;0.00;0.00;43.10;0.00;28.77;34.55;83.68;0.00;0.00;0.00;0.00;0.00;0.00;0.00;63.66;0.00;0.00;34.16;0.00;0.00;0.00;0.00;66.96;82.68;62.98;0.00;0.00;0.00;15.09;0.00;30.76;0.00;0.00;0.00;107.80;13.47;11.22;10.69;72.31;105.98;63.78;67.73;32.14;0.00;43.15;34.57;49.53;0.00;52.17;0.00;0.00;0.00;17.39;0.00;87.01;0.00;0.00;0.00;0.00;0.00;105.56;0.00;0.00;15.75
0.00;0.00;73.37;63.94;0.00;86.80;0.00;0.00;71.41;95.44;89.43;0.00;0.00;71.43;53.09;44.86;0.00;97.34;0.00;0.00;0.00;0.00;0.00;64.60;0.00;0.00;70.22;34.47;0.00;0.00;15.19;36.30;30.15;0.00;96.70;29.91;58.98;0.00;77.67;0.00;0.00;0.00;60.29;105.40;87.35;0.00;0.00;21.11;100.09;0.00;0.00;0.00;0.00;0.00;92.37;0.00;0.00;106.46;78.47;0.00;0.00;41.99;0.00;16.08;0.00;0.00;24.27;0.00;57.32;74.88;60.94;60.49;0.00;44.15;0.00;31.51;0.00;0.00;83.44;78.85;53.56;45.48;22.89;73.12;55.85;0.00;78.14;0.00;30.27;0.00;0.00;35.74;34.53;0.00;0.00;40.84;93.38;71.03;0.00;79.72
0.00;0.00;0.00;92.53;0.00;33.40;0.00;0.00;15.52;73.34;32.46;23.83;0.00;0.00;0.00;25.95;0.00;96.23;0.00;27.31;0.00;0.00;0.00;77.01;0.00;10.04;0.00;13.33;0.00;0.00;72.84;56.68;75.92;96.70;0.00;95.90;0.00;0.00;0.00;0.00;0.00;0.00;36.75;0.00;76.85;0.00;0.00;0.00;0.00;0.00;59.99;35.16;0.00;94.21;0.00;102.25;57.92;0.00;0.00;0.00;36.72;0.00;0.00;57.19;109.90;88.27;13.09;0.00;0.00;53.54;61.58;18.80;16.64;23.42;0.00;48.74;16.86;0.00;34.03;0.00;0.00;106.23;51.25;81.00;92.50;26.30;0.00;93.72;60.02;15.34;32.63;96.92;0.00;0.00;0.00;86.84;91.37;0.00;0.00;63.47
0.00;0.00;0.00;0.00;0.00;101.02;0.00;0.00;0.00;0.00;0.00;92.11;26.98;25.76;96.23;83.43;0.00;87.62;19.41;107.35;0.00;99.81;64.27;0.00;0.00;0.00;0.00;0.00;74.00;72.24;0.00;55.11;0.00;29.91;95.90;0.00;24.44;0.00;0.00;57.75;0.00;0.00;79.38;71.11;0.00;93.14;10.32;103.85;16.29;0.00;0.00;15.23;0.00;13.14;0.00;48.76;0.00;38.26;15.40;0.00;59.85;0.00;0.00;27.46;0.00;99.53;33.88;106.40;0.00;64.65;0.00;52.88;0.00;0.00;24.03;0.00;62.47;96.49;48.69;0.00;0.00;14.95;0.00;0.00;107.85;0.00;26.17;0.00;90.64;17.01;0.00;36.57;92.89;0.00;79.65;57.01;100.11;0.00;0.00;57.50
20.19;0.00;70.41;89.58;46.65;0.00;0.00;54.84;37.35;0.00;0.00;0.00;107.74;0.00;0.00;57.93;41.96;0.00;67.86;72.00;0.00;0.00;59.83;0.00;59.32;0.00;0.00;0.00;93.00;0.00;42.70;0.00;0.00;58.98;0.00;24.44;0.00;15.45;32.55;0.00;0.00;76.37;93.39;94.60;77.58;0.00;46.14;96.68;0.00;0.00;0.00;0.00;54.96;0.00;98.01;0.00;40.40;0.00;26.24;0.00;0.00;0.00;108.88;0.00;84.15;93.01;55.34;50.10;0.00;42.33;97.57;0.00;0.00;0.00;0.00;0.00;18.16;0.00;87.20;37.74;0.00;0.00;51.06;70.80;0.00;103.50;57.76;35.54;0.00;28.17;49.60;0.00;0.00;0.00;0.00;0.00;0.00;72.76;0.00;0.00
0.00;0.00;0.00;0.00;50.94;0.00;0.00;0.00;0.00;0.00;0.00;22.19;73.15;0.00;32.43;0.00;107.24;18.59;0.00;0.00;93.64;0.00;26.23;50.95;48.41;0.00;24.43;0.00;0.00;0.00;98.47;0.00;0.00;0.00;0.00;0.00;15.45;0.00;64.43;45.96;0.00;0.00;37.01;29.00;16.54;0.00;89.87;27.17;70.95;0.00;51.09;16.96;45.28;0.00;0.00;94.47;0.00;107.58;0.00;0.00;36.64;0.00;107.18;42.91;50.53;69.09;13.53;0.00;0.00;0.00;0.00;75.36;92.69;0.00;0.00;0.00;0.00;65.75;0.00;0.00;108.98;0.00;33.92;30.94;0.00;15.07;0.00;71.51;42.92;46.57;59.09;0.00;0.00;0.00;0.00;37.92;0.00;53.41;0.00;80.52
0.00;50.41;47.47;75.85;0.00;85.76;0.00;89.72;0.00;54.26;23.42;0.00;58.17;0.00;0.00;99.57;0.00;51.93;0.00;72.38;44.22;0.00;54.06;0.00;50.52;92.18;75.70;32.76;77.82;0.00;94.59;0.00;43.10;77.67;0.00;0.00;32.55;64.43;0.00;105.31;0.00;17.65;73.86;0.00;36.52;0.00;0.00;69.19;16.88;0.00;0.00;0.00;46.69;0.00;0.00;0.00;75.85;0.00;104.11;0.00;109.89;35.64;53.63;23.00;19.86;0.00;0.00;0.00;0.00;0.00;0.00;57.09;98.38;53.95;0.00;12.40;27.19;53.35;0.00;0.00;0.00;0.00;0.00;0.00;0.00;0.00;11.26;0.00;91.79;0.00;0.00;22.80;0.00;77.24;84.16;0.00;42.58;0.00;46.88;30.77
52.40;73.41;0.00;105.93;39.76;0.00;0.00;29.07;0.00;89.05;0.00;0.00;63.68;0.00;0.00;107.80;77.67;0.00;16.36;0.00;55.68;58.26;32.69;0.00;42.40;109.19;12.46;0.00;0.00;0.00;0.00;64.65;0.00;0.00;0.00;57.75;0.00;45.96;105.31;0.00;45.59;0.00;27.90;0.00;0.00;87.15;83.26;109.72;42.62;0.00;42.05;0.00;40.59;56.38;0.00;0.00;0.00;0.00;0.00;45.45;55.99;90.69;72.54;0.00;0.00;0.00;0.00;45.94;81.50;72.52;0.00;93.23;20.23;0.00;0.00;10.28;107.72;0.00;89.75;44.79;0.00;82.76;0.00;108.53;67.60;0.00;0.00;0.00;0.00;0.00;83.08;0.00;0.00;25.75;59.51;24.15;0.00;0.00;46.62;0.00
0.00;36.38;0.00;88.56;0.00;0.00;66.88;55.26;107.98;0.00;0.00;94.93;0.00;0.00;96.59;90.69;101.17;0.00;0.00;34.74;0.00;0.00;0.00;0.00;0.00;0.00;0.00;0.00;103.95;83.64;0.00;0.00;28.77;0.00;0.00;0.00;0.00;0.00;0.00;45.59;0.00;52.93;11.53;0.00;0.00;32.96;57.58;0.00;0.00;17.59;0.00;58.15;63.04;54.41;64.12;0.00;16.32;104.33;0.00;0.00;70.03;15.64;63.91;0.00;90.28;0.00;101.53;0.00;75.69;34.80;95.07;0.00;53.65;0.00;46.74;95.55;0.00;0.00;62.24;46.14;102.56;0.00;38.42;0.00;33.71;44.14;0.00;45.17;59.28;34.93;0.00;0.00;0.00;0.00;15.54;0.00;0.00;28.10;0.00;78.38
0.00;0.00;0.00;33.98;0.00;104.02;0.00;0.00;33.89;12.36;0.00;0.00;47.14;0.00;106.99;0.00;83.55;0.00;59.81;0.00;43.06;0.00;97.42;98.70;0.00;0.00;70.06;0.00;0.00;42.90;0.00;0.00;34.55;0.00;0.00;0.00;76.37;0.00;17.65;0.00;52.93;0.00;24.45;101.05;64.66;22.51;73.26;106.25;0.00;0.00;24.00;0.00;0.00;0.00;49.17;55.86;0.00;0.00;0.00;91.74;54.08;0.00;103.89;0.00;0.00;23.13;0.00;80.51;0.00;50.49;0.00;0.00;34.33;0.00;89.06;39.63;75.92;18.98;0.00;0.00;35.87;0.00;0.00;62.79;0.00;87.21;52.70;26.15;58.85;0.00;0.00;41.34;64.77;14.20;0.00;82.27;0.00;45.34;63.05;35.32
98.20;89.95;36.17;86.56;0.00;60.59;69.89;0.00;0.00;0.00;105.06;85.85;0.00;53.22;0.00;90.80;46.93;0.00;0.00;0.00;12.35;0.00;56.62;48.02;52.78;95.45;0.00;0.00;0.00;0.00;0.00;0.00;83.68;60.29;36.75;79.38;93.39;37.01;73.86;27.90;11.53;24.45;0.00;55.71;88.00;94.16;78.50;0.00;0.00;88.91;68.52;0.00;0.00;0.00;28.17;0.00;0.00;56.82;0.00;0.00;0.00;10.58;42.70;0.00;36.92;21.55;40.53;0.00;0.00;0.00;53.21;66.82;0.00;78.32;0.00;46.02;18.08;0.00;0.00;0.00;0.00;103.29;0.00;0.00;44.83;92.64;0.00;80.30;0.00;35.92;0.00;0.00;45.54;16.35;98.08;25.11;36.69;61.40;79.69;68.63
22.87;60.07;0.00;70.30;0.00;0.00;0.00;91.59;106.68;22.50;0.00;86.09;50.87;90.60;0.00;66.09;39.47;0.00;0.00;0.00;0.00;47.38;0.00;14.54;23.86;76.97;17.79;90.29;30.73;0.00;0.00;0.00;0.00;105.40;0.00;71.11;94.60;29.00;0.00;0.00;0.00;101.05;55.71;0.00;52.60;0.00;0.00;0.00;12.32;39.83;0.00;0.00;107.93;0.00;0.00;0.00;50.32;0.00;0.00;0.00;76.59;69.40;58.30;0.00;0.00;0.00;0.00;45.06;91.24;0.00;0.00;98.69;0.00;109.88;63.96;0.00;12.95;101.91;29.27;0.00;69.76;17.03;0.00;0.00;0.00;0.00;106.32;56.96;33.22;105.84;0.00;92.00;0.00;0.00;0.00;14.65;76.07;37.20;0.00;85.47
38.97;17.78;0.00;94.06;0.00;11.74;30.38;0.00;0.00;56.03;94.01;0.00;106.64;0.00;78.73;0.00;0.00;84.81;0.00;53.33;57.15;0.00;68.08;26.38;0.00;27.07;0.00;0.00;104.11;0.00;76.02;0.00;0.00;87.35;76.85;0.00;77.58;16.54;36.52;0.00;0.00;64.66;88.00;52.60;0.00;44.65;0.00;77.13;0.00;37.23;80.12;0.00;0.00;81.86;84.01;0.00;0.00;37.63;0.00;0.00;0.00;82.15;0.00;0.00;103.01;69.12;100.98;0.00;44.91;0.00;47.32;93.65;0.00;0.00;61.40;23.25;0.00;0.00;0.00;0.00;0.00;24.52;105.98;0.00;0.00;0.00;0.00;0.00;0.00;0.00;0.00;106.87;0.00;99.82;0.00;98.55;0.00;0.00;91.60;0.00
0.00;32.38;19.76;0.00;0.00;0.00;70.48;74.94;0.00;0.00;0.00;0.00;0.00;0.00;0.00;0.00;0.00;0.00;82.22;0.00;0.00;0.00;0.00;28.85;0.00;49.23;10.03;0.00;49.59;0.00;34.02;0.00;0.00;0.00;0.00;93.14;0.00;0.00;0.00;87.15;32.96;22.51;94.16;0.00;44.65;0.00;71.00;0.00;0.00;0.00;35.91;0.00;0.00;0.00;91.67;0.00;16.26;0.00;0.00;0.00;0.00;0.00;67.17;0.00;0.00;0.00;57.84;65.44;0.00;0.00;0.00;84.59;82.63;44.01;60.04;0.00;0.00;0.00;33.06;0.00;33.99;24.49;0.00;0.00;12.82;21.81;0.00;0.00;68.08;0.00;0.00;0.00;44.91;0.00;0.00;22.33;0.00;0.00;0.00;65.63
97.14;50.89;60.54;45.54;0.00;88.63;0.00;11.26;21.74;50.27;59.66;0.00;12.14;83.27;0.00;0.00;0.00;0.00;83.23;95.30;71.84;0.00;0.00;38.20;90.26;109.12;16.76;0.00;0.00;50.61;0.00;0.00;0.00;0.00;0.00;10.32;46.14;89.87;0.00;83.26;57.58;73.26;78.50;0.00;0.00;71.00;0.00;73.92;0.00;17.01;0.00;37.01;0.00;61.89;0.00;21.96;71.83;0.00;0.00;69.17;76.93;0.00;55.30;68.52;80.80;0.00;65.36;0.00;0.00;0.00;0.00;0.00;0.00;73.35;65.20;42.93;0.00;38.35;13.31;0.00;62.29;0.00;0.00;43.79;56.40;49.66;25.35;87.31;26.53;36.25;61.95;0.00;0.00;100.99;0.00;13.66;32.58;55.73;65.32;76.31
0.00;0.00;0.00;0.00;44.13;0.00;0.00;0.00;0.00;0.00;58.79;0.00;0.00;0.00;17.00;0.00;103.76;12.17;0.00;0.00;67.97;74.58;103.78;46.78;37.33;49.14;14.66;45.72;0.00;0.00;0.00;35.42;0.00;21.11;0.00;103.85;96.68;27.17;69.19;109.72;0.00;106.25;0.00;0.00;77.13;0.00;73.92;0.00;29.64;14.50;0.00;30.78;40.54;0.00;0.00;20.01;15.83;43.26;0.00;92.90;0.00;34.66;12.36;0.00;26.14;109.99;41.60;0.00;0.00;0.00;78.51;17.18;91.49;0.00;13.47;0.00;0.00;43.86;0.00;47.01;60.02;0.00;109.45;94.67;0.00;0.00;50.82;57.02;94.08;73.83;0.00;89.98;0.00;70.15;105.12;0.00;0.00;16.13;83.18;55.35
64.49;47.49;0.00;0.00;0.00;0.00;59.14;101.44;0.00;77.87;0.00;0.00;0.00;10.03;87.85;0.00;0.00;0.00;0.00;96.07;80.72;55.82;0.00;0.00;61.93;11.91;0.00;86.67;36.31;57.40;0.00;0.00;0.00;100.09;0.00;16.29;0.00;70.95;16.88;42.62;0.00;0.00;0.00;12.32;0.00;0.00;0.00;29.64;0.00;101.68;42.74;102.13;0.00;84.96;0.00;100.32;0.00;0.00;47.69;0.00;31.51;82.39;0.00;0.00;75.57;0.00;0.00;0.00;52.83;0.00;66.50;26.18;0.00;86.66;33.26;71.58;92.75;64.19;0.00;50.86;0.00;50.93;0.00;31.98;0.00;0.00;0.00;45.35;41.82;0.00;0.00;19.65;0.00;0.00;37.91;19.37;63.37;18.51;0.00;0.00
105.70;0.00;0.00;0.00;0.00;53.38;0.00;0.00;0.00;0.00;0.00;0.00;0.00;59.30;0.00;0.00;0.00;0.00;76.21;0.00;96.70;0.00;15.24;0.00;98.98;0.00;85.17;0.00;48.59;40.17;22.34;30.16;0.00;0.00;0.00;0.00;0.00;0.00;0.00;0.00;17.59;0.00;88.91;39.83;37.23;0.00;17.01;14.50;101.68;0.00;50.92;42.87;60.91;0.00;0.00;0.00;0.00;0.00;77.75;0.00;0.00;0.00;59.40;0.00;0.00;0.00;46.21;0.00;95.67;22.42;0.00;43.07;79.00;106.11;0.00;34.90;0.00;92.31;49.88;32.97;67.86;0.00;60.68;106.16;14.82;0.00;63.92;0.00;0.00;0.00;0.00;0.00;0.00;68.45;17.80;87.97;27.13;0.00;0.00;38.57
13.18;46.34;77.24;18.88;91.68;64.14;39.77;0.00;74.47;0.00;0.00;0.00;0.00;40.00;0.00;0.00;0.00;80.42;56.56;102.65;0.00;0.00;0.00;0.00;0.00;0.00;49.29;0.00;0.00;0.00;93.34;0.00;63.66;0.00;59.99;0.00;0.00;51.09;0.00;42.05;0.00;24.00;68.52;0.00;80.12;35.91;0.00;0.00;42.74;50.92;0.00;24.09;0.00;109.00;31.04;78.74;26.12;72.44;0.00;56.03;0.00;0.00;0.00;0.00;0.00;19.99;0.00;0.00;95.17;0.00;0.00;76.37;36.21;0.00;0.00;107.85;105.22;0.00;83.37;0.00;0.00;92.14;0.00;76.66;0.00;0.00;0.00;0.00;0.00;37.04;0.00;60.23;14.77;63.09;0.00;0.00;99.68;28.42;92.68;0.00
27.55;33.83;0.00;0.00;0.00;37.55;0.00;0.00;97.68;0.00;0.00;0.00;0.00;0.00;47.88;50.10;23.11;0.00;57.64;0.00;84.78;95.75;0.00;0.00;0.00;94.15;0.00;19.66;0.00;44.94;0.00;0.00;0.00;0.00;35.16;15.23;0.00;16.96;0.00;0.00;58.15;0.00;0.00;0.00;0.00;0.00;37.01;30.78;102.13;42.87;24.09;0.00;15.59;40.12;0.00;0.00;38.53;0.00;86.14;0.00;109.81;0.00;57.73;0.00;47.28;0.00;20.14;0.00;0.00;90.97;68.79;0.00;0.00;85.58;52.65;0.00;0.00;47.91;89.12;16.68;0.00;0.00;88.21;0.00;0.00;0.00;75.58;18.16;99.38;53.18;0.00;0.00;28.40;0.00;33.51;0.00;0.00;0.00;104.89;0.00
44.54;105.54;103.31;0.00;0.00;0.00;0.00;85.87;0.00;0.00;104.20;19.51;54.87;57.14;0.00;14.87;0.00;0.00;12.15;0.00;0.00;28.88;28.07;0.00;0.00;0.00;0.00;0.00;62.52;0.00;25.71;0.00;0.00;0.00;0.00;0.00;54.96;45.28;46.69;40.59;63.04;0.00;0.00;107.93;0.00;0.00;0.00;40.54;0.00;60.91;0.00;15.59;0.00;42.83;52.34;64.34;0.00;0.00;63.41;39.62;0.00;16.49;10.19;27.43;0.00;0.00;21.59;61.86;77.10;0.00;0.00;48.13;0.00;0.00;0.00;0.00;41.91;72.09;0.00;81.43;0.00;0.00;48.76;48.01;14.77;62.96;77.08;0.00;55.70;0.00;0.00;26.09;0.00;46.55;77.91;95.85;0.00;49.44;0.00;99.25
40.87;0.00;0.00;0.00;0.00;34.54;107.84;41.54;0.00;93.24;89.58;0.00;41.24;57.32;11.50;0.00;0.00;0.00;0.00;21.36;18.14;54.85;0.00;16.13;0.00;100.21;0.00;31.53;0.00;55.71;22.29;0.00;34.16;0.00;94.21;13.14;0.00;0.00;0.00;56.38;54.41;0.00;0.00;0.00;81.86;0.00;61.89;0.00;84.96;0.00;109.00;40.12;42.83;0.00;109.65;0.00;74.92;0.00;72.92;0.00;25.53;75.57;48.30;0.00;74.26;0.00;0.00;0.00;0.00;0.00;49.32;0.00;101.71;0.00;49.01;0.00;82.81;0.00;0.00;15.11;0.00;0.00;45.68;0.00;31.55;48.88;0.00;0.00;0.00;14.54;0.00;0.00;16.28;26.74;0.00;0.00;0.00;0.00;62.98;90.06
0.00;63.32;0.00;96.11;16.90;0.00;90.37;0.00;38.51;57.52;71.55;0.00;0.00;42.28;0.00;104.22;18.31;0.00;0.00;62.23;27.58;36.98;0.00;0.00;0.00;17.92;0.00;0.00;42.20;43.03;81.35;77.12;0.00;92.37;0.00;0.00;98.01;0.00;0.00;0.00;64.12;49.17;28.17;0.00;84.01;91.67;0.00;0.00;0.00;0.00;31.04;0.00;52.34;109.65;0.00;39.55;96.43;10.80;63.50;80.19;0.00;0.00;0.00;86.16;0.00;0.00;0.00;0.00;42.16;0.00;0.00;13.37;42.01;0.00;110.00;0.00;0.00;28.90;39.95;48.90;0.00;24.16;23.56;68.96;33.97;0.00;0.00;0.00;0.00;97.45;0.00;27.93;86.75;0.00;0.00;71.65;78.10;0.00;32.74;0.00
35.09;0.00;32.66;0.00;0.00;102.15;109.39;61.27;40.88;0.00;90.65;0.00;0.00;27.91;39.38;71.77;0.00;88.39;0.00;57.76;0.00;0.00;0.00;0.00;0.00;103.08;69.06;0.00;0.00;29.56;0.00;0.00;0.00;0.00;102.25;48.76;0.00;94.47;0.00;0.00;0.00;55.86;0.00;0.00;0.00;0.00;21.96;20.01;100.32;0.00;78.74;0.00;64.34;0.00;39.55;0.00;42.86;0.00;0.00;0.00;0.00;59.62;92.35;59.51;32.27;0.00;0.00;42.81;18.25;78.24;0.00;0.00;32.87;49.13;88.96;0.00;98.00;20.00;0.00;0.00;0.00;79.97;0.00;0.00;91.62;0.00;102.48;0.00;47.30;0.00;10.54;13.21;0.00;97.06;14.93;0.00;90.44;56.06;0.00;97.50
82.03;28.72;0.00;40.76;0.00;90.41;83.94;55.46;0.00;89.47;0.00;83.55;84.91;0.00;0.00;91.32;0.00;55.33;0.00;31.73;24.96;0.00;64.26;0.00;0.00;0.00;0.00;0.00;0.00;49.58;0.00;0.00;0.00;0.00;57.92;0.00;40.40;0.00;75.85;0.00;16.32;0.00;0.00;50.32;0.00;16.26;71.83;15.83;0.00;0.00;26.12;38.53;0.00;74.92;96.43;42.86;0.00;60.73;17.21;0.00;0.00;0.00;0.00;0.00;53.02;77.38;0.00;0.00;0.00;0.00;17.26;0.00;0.00;0.00;0.00;0.00;0.00;0.00;27.39;77.85;50.08;72.63;28.99;80.18;0.00;0.00;35.65;0.00;21.06;0.00;0.00;103.52;0.00;75.80;41.45;0.00;0.00;0.00;107.04;0.00
33.52;0.00;0.00;0.00;15.85;0.00;102.60;0.00;0.00;62.04;0.00;102.09;45.31;0.00;0.00;0.00;25.02;0.00;36.31;0.00;41.80;0.00;70.98;26.70;17.58;0.00;0.00;0.00;93.28;0.00;0.00;10.03;0.00;106.46;0.00;38.26;0.00;107.58;0.00;0.00;104.33;0.00;56.82;0.00;37.63;0.00;0.00;43.26;0.00;0.00;72.44;0.00;0.00;0.00;10.80;0.00;60.73;0.00;107.74;0.00;64.79;104.52;0.00;59.38;0.00;0.00;0.00;0.00;82.18;87.87;89.46;0.00;89.98;74.94;79.36;0.00;21.86;0.00;71.00;0.00;0.00;97.24;74.58;0.00;91.97;0.00;106.20;0.00;0.00;109.84;94.26;0.00;0.00;30.30;0.00;0.00;0.00;81.76;101.28;83.39
0.00;21.48;22.56;42.09;92.05;0.00;0.00;72.25;0.00;0.00;0.00;38.56;83.84;0.00;38.17;0.00;63.33;43.39;0.00;14.82;0.00;0.00;0.00;39.87;0.00;67.63;44.35;0.00;33.04;80.28;14.69;0.00;66.96;78.47;0.00;15.40;26.24;0.00;104.11;0.00;0.00;0.00;0.00;0.00;0.00;0.00;0.00;0.00;47.69;77.75;0.00;86.14;63.41;72.92;63.50;0.00;17.21;107.74;0.00;15.31;0.00;90.35;81.44;71.17;0.00;0.00;0.00;0.00;66.05;0.00;0.00;41.84;0.00;71.74;0.00;0.00;11.11;16.44;0.00;0.00;80.62;85.24;77.94;0.00;0.00;0.00;0.00;81.87;0.00;21.09;74.92;0.00;0.00;0.00;0.00;0.00;108.82;0.00;0.00;0.00
0.00;93.94;92.32;0.00;0.00;46.32;12.48;54.88;11.28;0.00;0.00;83.15;60.97;0.00;0.00;27.94;0.00;93.58;11.22;0.00;0.00;30.81;92.56;0.00;0.00;0.00;64.29;27.75;0.00;52.17;0.00;0.00;82.68;0.00;0.00;0.00;0.00;0.00;0.00;45.45;0.00;91.74;0.00;0.00;0.00;0.00;69.17;92.90;0.00;0.00;56.03;0.00;39.62;0.00;80.19;0.00;0.00;0.00;15.31;0.00;106.25;66.33;0.00;0.00;0.00;0.00;0.00;0.00;94.90;10.06;65.12;82.02;42.49;0.00;0.00;21.16;22.58;0.00;91.83;25.00;22.23;0.00;80.57;96.62;0.00;0.00;0.00;0.00;0.00;0.00;0.00;92.67;57.26;10.15;106.02;0.00;92.64;30.22;48.79;52.45
0.00;0.00;34.40;66.77;0.00;0.00;0.00;0.00;0.00;109.09;39.30;103.40;55.30;59.97;0.00;33.94;98.98;0.00;0.00;12.58;106.55;0.00;0.00;0.00;0.00;83.73;0.00;101.97;78.78;62.30;27.92;10.17;62.98;0.00;36.72;59.85;0.00;36.64;109.89;55.99;70.03;54.08;0.00;76.59;0.00;0.00;76.93;0.00;31.51;0.00;0.00;109.81;0.00;25.53;0.00;0.00;0.00;64.79;0.00;106.25;0.00;35.11;106.36;0.00;0.00;99.29;0.00;70.43;0.00;0.00;0.00;33.29;108.06;0.00;0.00;81.66;0.00;25.78;49.38;20.98;44.88;0.00;87.37;78.26;0.00;0.00;72.14;73.38;61.76;78.30;80.23;25.73;55.20;25.60;0.00;0.00;0.00;105.25;0.00;0.00
41.54;75.62;0.00;59.17;0.00;18.47;0.00;0.00;0.00;0.00;0.00;0.00;0.00;0.00;0.00;35.87;38.81;29.46;21.94;0.00;0.00;67.31;67.67;90.55;0.00;20.63;0.00;24.40;106.07;0.00;0.00;0.00;0.00;41.99;0.00;0.00;0.00;0.00;35.64;90.69;15.64;0.00;10.58;69.40;82.15;0.00;0.00;34.66;82.39;0.00;0.00;0.00;16.49;75.57;0.00;59.62;0.00;104.52;90.35;66.33;35.11;0.00;27.11;0.00;30.79;0.00;29.64;94.38;0.00;0.00;54.03;0.00;104.16;0.00;0.00;0.00;0.00;0.00;0.00;52.98;0.00;79.47;0.00;0.00;0.00;0.00;0.00;0.00;0.00;0.00;33.41;16.98;0.00;90.39;29.31;25.17;40.41;0.00;0.00;21.15
0.00;86.33;0.00;0.00;99.72;71.08;0.00;0.00;0.00;0.00;81.87;0.00;0.00;0.00;0.00;91.58;80.32;74.97;19.22;56.39;46.13;0.00;74.80;0.00;0.00;29.50;79.05;0.00;59.99;0.00;106.58;0.00;0.00;0.00;0.00;0.00;108.88;107.18;53.63;72.54;63.91;103.89;42.70;58.30;0.00;67.17;55.30;12.36;0.00;59.40;0.00;57.73;10.19;48.30;0.00;92.35;0.00;0.00;81.44;0.00;106.36;27.11;0.00;44.39;88.12;0.00;106.46;53.79;47.95;24.25;41.72;26.24;23.23;47.72;0.00;0.00;0.00;106.90;0.00;19.55;63.84;0.00;0.00;0.00;46.96;0.00;0.00;0.00;0.00;0.00;0.00;0.00;0.00;71.98;0.00;0.00;0.00;0.00;47.64;0.00
0.00;0.00;0.00;34.30;0.00;0.00;0.00;0.00;33.98;22.55;0.00;40.23;0.00;49.11;51.00;0.00;0.00;0.00;0.00;0.00;0.00;28.62;71.90;27.10;0.00;70.16;45.20;31.89;0.00;15.27;0.00;0.00;0.00;16.08;57.19;27.46;0.00;42.91;23.00;0.00;0.00;0.00;0.00;0.00;0.00;0.00;68.52;0.00;0.00;0.00;0.00;0.00;27.43;0.00;86.16;59.51;0.00;59.38;71.17;0.00;0.00;0.00;44.39;0.00;69.04;59.21;0.00;0.00;95.44;86.13;89.42;0.00;83.00;0.00;0.00;0.00;0.00;41.70;0.00;0.00;0.00;0.00;0.00;65.43;55.57;0.00;0.00;99.63;96.45;49.34;69.44;72.08;57.82;0.00;10.59;0.00;44.25;87.42;0.00;84.32
0.00;0.00;93.94;0.00;57.78;54.04;0.00;0.00;34.34;101.11;0.00;0.00;0.00;75.77;0.00;57.37;49.94;0.00;31.77;0.00;0.00;86.72;0.00;27.97;13.58;84.23;38.28;0.00;0.00;15.10;72.15;49.92;15.09;0.00;109.90;0.00;84.15;50.53;19.86;0.00;90.28;0.00;36.92;0.00;103.01;0.00;80.80;26.14;75.57;0.00;0.00;47.28;0.00;74.26;0.00;32.27;53.02;0.00;0.00;0.00;0.00;30.79;88.12;69.04;0.00;39.68;0.00;41.29;41.80;86.22;53.90;27.05;0.00;102.12;0.00;101.38;83.43;31.98;35.57;0.00;0.00;0.00;10.06;91.05;104.97;0.00;100.32;73.42;99.18;0.00;0.00;98.44;0.00;0.00;60.72;87.26;0.00;39.09;0.00;0.00
0.00;36.55;0.00;59.56;0.00;11.81;0.00;0.00;0.00;0.00;53.89;41.90;39.41;0.00;0.00;0.00;29.52;0.00;0.00;83.12;99.08;86.94;49.41;58.07;0.00;88.43;0.00;0.00;83.86;0.00;11.93;46.86;0.00;0.00;88.27;99.53;93.01;69.09;0.00;0.00;0.00;23.13;21.55;0.00;69.12;0.00;0.00;109.99;0.00;0.00;19.99;0.00;0.00;0.00;0.00;0.00;77.38;0.00;0.00;0.00;99.29;0.00;0.00;59.21;39.68;0.00;37.58;64.57;82.38;33.74;100.96;13.70;0.00;13.87;0.00;0.00;58.50;0.00;60.17;0.00;73.01;0.00;56.57;63.88;0.00;23.64;44.42;13.83;0.00;34.87;0.00;78.42;0.00;0.00;0.00;0.00;45.78;68.35;53.76;46.50
25.50;97.00;0.00;68.34;0.00;0.00;0.00;107.22;0.00;63.80;0.00;0.00;44.41;82.65;38.83;0.00;0.00;0.00;0.00;11.89;34.31;50.90;0.00;58.31;0.00;0.00;0.00;31.59;70.90;108.89;0.00;0.00;30.76;24.27;13.09;33.88;55.34;13.53;0.00;0.00;101.53;0.00;40.53;0.00;100.98;57.84;65.36;41.60;0.00;46.21;0.00;20.14;21.59;0.00;0.00;0.00;0.00;0.00;0.00;0.00;0.00;29.64;106.46;0.00;0.00;37.58;0.00;56.27;89.73;0.00;10.60;25.97;0.00;0.00;34.01;71.61;0.00;60.27;76.36;0.00;0.00;0.00;86.65;0.00;48.80;18.64;0.00;80.34;0.00;104.55;0.00;0.00;26.14;72.32;0.00;0.00;0.00;0.00;0.00;0.00
42.18;70.05;73.38;0.00;0.00;0.00;0.00;45.53;0.00;10.41;90.77;0.00;74.33;37.85;0.00;0.00;0.00;95.08;0.00;0.00;0.00;0.00;57.75;81.43;0.00;69.61;0.00;0.00;24.15;32.20;108.11;0.00;0.00;0.00;0.00;106.40;50.10;0.00;0.00;45.94;0.00;80.51;0.00;45.06;0.00;65.44;0.00;0.00;0.00;0.00;0.00;0.00;61.86;0.00;0.00;42.81;0.00;0.00;0.00;0.00;70.43;94.38;53.79;0.00;41.29;64.57;56.27;0.00;33.15;0.00;0.00;0.00;81.53;14.07;57.43;0.00;0.00;73.11;19.19;80.49;0.00;38.38;38.31;88.60;0.00;39.22;75.85;63.84;17.32;0.00;45.35;0.00;35.74;75.31;0.00;0.00;0.00;22.18;12.64;84.99
61.64;92.56;0.00;50.48;0.00;0.00;68.17;0.00;86.13;0.00;12.50;24.92;95.57;96.61;30.22;0.00;84.15;0.00;16.27;0.00;0.00;0.00;0.00;56.55;0.00;0.00;0.00;59.02;22.34;0.00;0.00;100.48;0.00;57.32;0.00;0.00;0.00;0.00;0.00;81.50;75.69;0.00;0.00;91.24;44.91;0.00;0.00;0.00;52.83;95.67;95.17;0.00;77.10;0.00;42.16;18.25;0.00;82.18;66.05;94.90;0.00;0.00;47.95;95.44;41.80;82.38;89.73;33.15;0.00;79.34;23.97;0.00;0.00;35.18;14.82;33.06;81.36;70.09;0.00;91.95;0.00;0.00;36.65;0.00;92.73;0.00;0.00;0.00;28.36;0.00;79.43;0.00;36.19;80.44;14.16;0.00;61.96;30.60;104.91;11.04
77.67;0.00;106.94;108.05;0.00;0.00;54.16;48.79;36.74;21.69;103.19;0.00;62.34;0.00;29.80;0.00;0.00;0.00;0.00;58.65;0.00;95.57;0.00;0.00;79.79;105.64;0.00;0.00;15.61;0.00;21.81;0.00;0.00;74.88;53.54;64.65;42.33;0.00;0.00;72.52;34.80;50.49;0.00;0.00;0.00;0.00;0.00;0.00;0.00;22.42;0.00;90.97;0.00;0.00;0.00;78.24;0.00;87.87;0.00;10.06;0.00;0.00;24.25;86.13;86.22;33.74;0.00;0.00;79.34;0.00;66.63;105.45;17.99;0.00;0.00;0.00;0.00;40.31;102.89;77.73;0.00;98.92;0.00;0.00;0.00;0.00;44.50;0.00;62.20;0.00;0.00;88.76;44.03;56.77;25.66;0.00;0.00;0.00;0.00;0.00
14.66;0.00;0.00;91.25;58.42;69.67;67.38;0.00;0.00;29.65;0.00;0.00;0.00;76.13;37.94;81.21;0.00;0.00;31.01;0.00;0.00;0.00;61.40;103.16;40.80;83.69;99.39;0.00;0.00;36.98;77.88;14.30;107.80;60.94;61.58;0.00;97.57;0.00;0.00;0.00;95.07;0.00;53.21;0.00;47.32;0.00;0.00;78.51;66.50;0.00;0.00;68.79;0.00;49.32;0.00;0.00;17.26;89.46;0.00;65.12;0.00;54.03;41.72;89.42;53.90;100.96;10.60;0.00;23.97;66.63;0.00;25.10;0.00;0.00;0.00;48.90;32.82;0.00;83.87;25.39;102.97;0.00;0.00;43.62;0.00;80.02;16.57;91.60;0.00;0.00;39.83;57.85;40.49;19.50;105.80;42.37;10.65;0.00;73.20;0.00
66.12;36.48;0.00;56.30;0.00;0.00;18.23;0.00;0.00;0.00;0.00;0.00;77.15;106.41;0.00;0.00;31.85;35.00;0.00;0.00;48.59;56.46;78.88;52.82;0.00;79.20;58.22;0.00;72.40;46.84;79.62;0.00;13.47;60.49;18.80;52.88;0.00;75.36;57.09;93.23;0.00;0.00;66.82;98.69;93.65;84.59;0.00;17.18;26.18;43.07;76.37;0.00;48.13;0.00;13.37;0.00;0.00;0.00;41.84;82.02;33.29;0.00;26.24;0.00;27.05;13.70;25.97;0.00;0.00;105.45;25.10;0.00;20.06;87.85;12.55;0.00;0.00;0.00;0.00;0.00;0.00;104.63;104.27;0.00;0.00;0.00;0.00;0.00;0.00;52.19;90.97;0.00;0.00;0.00;0.00;29.98;0.00;64.91;102.46;0.00
